[H[2J[3Jgcc -ansi -Wall -pedantic -g preProcessor.c  globalState.c variables.c errors.c utils.c helpers.c parse.c operations.c tables.c  memory.c secondRun.c firstRun.c compiler.c -o compiler -lm

	 ~ MACRO TABLE ~ 
	name	start	end




First Run:

		 ~ SYMBOL TABLE ~ 
name	value	base	offset	attributes
K	149	144	5	data,entry
W	0	0	0	external
STR	141	128	13	data
LIST	146	144	2	data,entry
END	140	128	12	code
val1	0	0	0	external
MAIN	100	96	4	code,entry
LOOP	104	96	8	code




Second Run:

EXTERNAL VARIABLE
NAME:W
BASE:115
OFFSET:116


EXTERNAL VARIABLE
NAME:val1
BASE:125
OFFSET:126

Finished Successfully, about to export files!
0100  0100 0000 0000 0000 0100
0101  0100 1010 0011 1100 0001
0102  0010 0000 0000 1001 0000
0103  0010 0000 0000 0000 0010
0104  0100 0010 0000 0000 0000
0105  0100 0000 0000 0000 0000
0106  0100 0000 0000 0011 0000
0107  0100 0000 0000 0001 0000
0108  0100 0000 0000 0101 1011
0109  0010 0000 0000 1000 0000
0110  0010 0000 0000 0000 1101
0111  0100 0000 0000 0010 0000
0112  0100 1100 0000 0001 1011
0113  0100 0000 0000 0000 0001
0114  0100 0000 0011 1100 0001
0115  0001 0000 0000 0000 0000
0116  0001 0000 0000 0000 0000
0117  0100 0000 0000 0000 0100
0118  0100 1011 0011 1101 1011
0119  0100 0000 0010 0000 0000
0120  0100 1011 0000 0000 0001
0121  0010 0000 0000 1000 0000
0122  0010 0000 0000 0000 1100
0123  0100 0000 0000 0000 0010
0124  0100 0000 0000 0100 0000
0125  0001 0000 0000 0000 0000
0126  0001 0000 0000 0000 0000
0127  0100 1111 1111 1111 1010
0128  0100 0000 0010 0000 0000
0129  0100 1011 0000 0011 1110
0130  0010 0000 0000 1000 0000
0131  0010 0000 0000 0000 1100
0132  0100 0000 0000 0010 0000
0133  0100 1101 0000 0000 0001
0134  0010 0000 0000 1001 0000
0135  0010 0000 0000 0000 0101
0136  0100 0000 0000 0000 0100
0137  0100 1011 1010 1011 1011
0138  0010 0000 0000 0110 0000
0139  0010 0000 0000 0000 1000
0140  0100 1000 0000 0000 0000
0141  0100 0000 0000 0110 0001
0142  0100 0000 0000 0110 0010
0143  0100 0000 0000 0110 0011
0144  0100 0000 0000 0110 0100
0145  0100 0000 0000 0000 0000
0146  0100 0000 0000 0000 0110
0147  0100 1111 1111 1111 0111
0148  0100 1111 1111 1001 1100
0149  0100 0000 0000 0001 1111

41 9
0100 A4-B0-C0-D0-E4
0101 A1-Bc-C3-Da-E4
0102 A0-B9-C0-D0-E2
0103 A2-B0-C0-D0-E2
0104 A0-B0-C0-D2-E4
0105 A0-B0-C0-D0-E4
0106 A0-B3-C0-D0-E4
0107 A0-B1-C0-D0-E4
0108 Ab-B5-C0-D0-E4
0109 A0-B8-C0-D0-E2
0110 Ad-B0-C0-D0-E2
0111 A0-B2-C0-D0-E4
0112 Ab-B1-C0-Dc-E4
0113 A1-B0-C0-D0-E4
0114 A1-Bc-C3-D0-E4
0115 A0-B0-C0-D0-E1
0116 A0-B0-C0-D0-E1
0117 A4-B0-C0-D0-E4
0118 Ab-Bd-C3-Db-E4
0119 A0-B0-C2-D0-E4
0120 A1-B0-C0-Db-E4
0121 A0-B8-C0-D0-E2
0122 Ac-B0-C0-D0-E2
0123 A2-B0-C0-D0-E4
0124 A0-B4-C0-D0-E4
0125 A0-B0-C0-D0-E1
0126 A0-B0-C0-D0-E1
0127 Aa-Bf-Cf-Df-E4
0128 A0-B0-C2-D0-E4
0129 Ae-B3-C0-Db-E4
0130 A0-B8-C0-D0-E2
0131 Ac-B0-C0-D0-E2
0132 A0-B2-C0-D0-E4
0133 A1-B0-C0-Dd-E4
0134 A0-B9-C0-D0-E2
0135 A5-B0-C0-D0-E2
0136 A4-B0-C0-D0-E4
0137 Ab-Bb-Ca-Db-E4
0138 A0-B6-C0-D0-E2
0139 A8-B0-C0-D0-E2
0140 A0-B0-C0-D8-E4
0141 A1-B6-C0-D0-E4
0142 A2-B6-C0-D0-E4
0143 A3-B6-C0-D0-E4
0144 A4-B6-C0-D0-E4
0145 A0-B0-C0-D0-E4
0146 A6-B0-C0-D0-E4
0147 A7-Bf-Cf-Df-E4
0148 Ac-B9-Cf-Df-E4
0149 Af-B1-C0-D0-E4
