[H[2J[3Jgcc -ansi -Wall -pedantic -g preProcessor.c  globalState.c encode.c variables.c errors.c utils.c helpers.c parse.c operations.c tables.c  memory.c secondRun.c firstRun.c compiler.c -o compiler -lm

	 ~ MACRO TABLE ~ 
	name	start	end




First Run:

		 ~ SYMBOL TABLE ~ 
name	value	base	offset	attributes
W	0	0	0	external
STR	0	0	0	external
LIST	0	0	0	entry
MAIN	100	96	4	code
LOOP	104	96	8	code




Second Run:

EXTERNAL VARIABLE
NAME:STR
BASE:106
OFFSET:107


EXTERNAL VARIABLE
NAME:W
BASE:112
OFFSET:113


Second Run Finished With Errors, files will not be exported!

	 ~ MACRO TABLE ~ 
	name	start	end




First Run:

		 ~ SYMBOL TABLE ~ 
name	value	base	offset	attributes
K	247	240	7	data,entry
STR	239	224	15	data
LIST	244	240	4	data
END	121	112	9	code
val1	0	0	0	external
MAIN	0	0	0	entry
LOOP	114	112	2	code




Second Run:
Finished Successfully, about to export files!
0100  0100 0010 0000 0000 0000
0101  0100 0000 0000 0000 0000
0102  0100 0000 0000 0011 0000
0103  0100 0000 0000 0000 0100
0104  0100 1011 1010 1011 1011
0105  0010 0000 0000 0111 0000
0106  0010 0000 0000 0000 0010
0107  0100 1000 0000 0000 0000
0108  0000 0000 0000 0000 0000
0109  0000 0000 0000 0000 0000
0110  0000 0000 0000 0000 0000
0111  0000 0000 0000 0000 0000
0112  0000 0000 0000 0000 0000
0113  0000 0000 0000 0000 0000
0114  0000 0000 0000 0000 0000
0115  0000 0000 0000 0000 0000
0116  0000 0000 0000 0000 0000
0117  0000 0000 0000 0000 0000
0118  0000 0000 0000 0000 0000
0119  0000 0000 0000 0000 0000
0120  0000 0000 0000 0000 0000
0121  0000 0000 0000 0000 0000
0122  0100 0000 0000 0110 0001
0123  0100 0000 0000 0110 0010
0124  0100 0000 0000 0110 0011
0125  0100 0000 0000 0110 0100
0126  0100 0000 0000 0000 0000
0127  0100 0000 0000 0000 0110
0128  0100 1111 1111 1111 0111
0129  0100 1111 1111 1001 1100
0130  0100 0000 0000 0001 1111
0131  0000 0000 0000 0000 0000
0132  0000 0000 0000 0000 0000
0133  0000 0000 0000 0000 0000
0134  0000 0000 0000 0000 0000
0135  0000 0000 0000 0000 0000
0136  0000 0000 0000 0000 0000
0137  0000 0000 0000 0000 0000
0138  0000 0000 0000 0000 0000
0139  0000 0000 0000 0000 0000
0140  0000 0000 0000 0000 0000
0141  0000 0000 0000 0000 0000
0142  0000 0000 0000 0000 0000
0143  0000 0000 0000 0000 0000
0144  0000 0000 0000 0000 0000
0145  0000 0000 0000 0000 0000
0146  0000 0000 0000 0000 0000
0147  0000 0000 0000 0000 0000
0148  0000 0000 0000 0000 0000
0149  0000 0000 0000 0000 0000
0150  0000 0000 0000 0000 0000
0151  0000 0000 0000 0000 0000
0152  0000 0000 0000 0000 0000
0153  0000 0000 0000 0000 0000
0154  0000 0000 0000 0000 0000
0155  0000 0000 0000 0000 0000
0156  0000 0000 0000 0000 0000
0157  0000 0000 0000 0000 0000
0158  0000 0000 0000 0000 0000
0159  0000 0000 0000 0000 0000
0160  0000 0000 0000 0000 0000
0161  0000 0000 0000 0000 0000
0162  0000 0000 0000 0000 0000
0163  0000 0000 0000 0000 0000
0164  0000 0000 0000 0000 0000
0165  0000 0000 0000 0000 0000
0166  0000 0000 0000 0000 0000
0167  0000 0000 0000 0000 0000
0168  0000 0000 0000 0000 0000
0169  0000 0000 0000 0000 0000
0170  0000 0000 0000 0000 0000
0171  0000 0000 0000 0000 0000
0172  0000 0000 0000 0000 0000
0173  0000 0000 0000 0000 0000
0174  0000 0000 0000 0000 0000
0175  0000 0000 0000 0000 0000
0176  0000 0000 0000 0000 0000
0177  0000 0000 0000 0000 0000
0178  0000 0000 0000 0000 0000
0179  0000 0000 0000 0000 0000
0180  0000 0000 0000 0000 0000
0181  0000 0000 0000 0000 0000
0182  0000 0000 0000 0000 0000
0183  0000 0000 0000 0000 0000
0184  0000 0000 0000 0000 0000
0185  0000 0000 0000 0000 0000
0186  0000 0000 0000 0000 0000
0187  0000 0000 0000 0000 0000
0188  0000 0000 0000 0000 0000
0189  0000 0000 0000 0000 0000
0190  0000 0000 0000 0000 0000
0191  0000 0000 0000 0000 0000
0192  0000 0000 0000 0000 0000
0193  0000 0000 0000 0000 0000
0194  0000 0000 0000 0000 0000
0195  0000 0000 0000 0000 0000
0196  0000 0000 0000 0000 0000
0197  0000 0000 0000 0000 0000
0198  0000 0000 0000 0000 0000
0199  0000 0000 0000 0000 0000
0200  0000 0000 0000 0000 0000
0201  0000 0000 0000 0000 0000
0202  0000 0000 0000 0000 0000
0203  0000 0000 0000 0000 0000
0204  0000 0000 0000 0000 0000
0205  0000 0000 0000 0000 0000
0206  0000 0000 0000 0000 0000
0207  0000 0000 0000 0000 0000
0208  0000 0000 0000 0000 0000
0209  0000 0000 0000 0000 0000
0210  0000 0000 0000 0000 0000
0211  0000 0000 0000 0000 0000
0212  0000 0000 0000 0000 0000
0213  0000 0000 0000 0000 0000
0214  0000 0000 0000 0000 0000
0215  0000 0000 0000 0000 0000
0216  0000 0000 0000 0000 0000
0217  0000 0000 0000 0000 0000
0218  0000 0000 0000 0000 0000
0219  0000 0000 0000 0000 0000
0220  0000 0000 0000 0000 0000
0221  0000 0000 0000 0000 0000
0222  0000 0000 0000 0000 0000
0223  0000 0000 0000 0000 0000
0224  0000 0000 0000 0000 0000
0225  0000 0000 0000 0000 0000
0226  0000 0000 0000 0000 0000
0227  0000 0000 0000 0000 0000
0228  0000 0000 0000 0000 0000
0229  0000 0000 0000 0000 0000
0230  0000 0000 0000 0000 0000
0231  0000 0000 0000 0000 0000
0232  0000 0000 0000 0000 0000
0233  0000 0000 0000 0000 0000
0234  0000 0000 0000 0000 0000
0235  0000 0000 0000 0000 0000
0236  0000 0000 0000 0000 0000
0237  0000 0000 0000 0000 0000
0238  0000 0000 0000 0000 0000
0239  0000 0000 0000 0000 0000
0240  0000 0000 0000 0000 0000
0241  0000 0000 0000 0000 0000
0242  0000 0000 0000 0000 0000
0243  0000 0000 0000 0000 0000
0244  0000 0000 0000 0000 0000
0245  0000 0000 0000 0000 0000
0246  0000 0000 0000 0000 0000
0247  0000 0000 0000 0000 0000

22 126
0100 A4-B2-C0-D0-E0
0101 A4-B0-C0-D0-E0
0102 A4-B0-C0-D3-E0
0103 A4-B0-C0-D0-E4
0104 A4-Bb-Ca-Db-Eb
0105 A2-B0-C0-D7-E0
0106 A2-B0-C0-D0-E2
0107 A4-B8-C0-D0-E0
0108 A0-B0-C0-D0-E0
0109 A0-B0-C0-D0-E0
0110 A0-B0-C0-D0-E0
0111 A0-B0-C0-D0-E0
0112 A0-B0-C0-D0-E0
0113 A0-B0-C0-D0-E0
0114 A0-B0-C0-D0-E0
0115 A0-B0-C0-D0-E0
0116 A0-B0-C0-D0-E0
0117 A0-B0-C0-D0-E0
0118 A0-B0-C0-D0-E0
0119 A0-B0-C0-D0-E0
0120 A0-B0-C0-D0-E0
0121 A0-B0-C0-D0-E0
0122 A4-B0-C0-D6-E1
0123 A4-B0-C0-D6-E2
0124 A4-B0-C0-D6-E3
0125 A4-B0-C0-D6-E4
0126 A4-B0-C0-D0-E0
0127 A4-B0-C0-D0-E6
0128 A4-Bf-Cf-Df-E7
0129 A4-Bf-Cf-D9-Ec
0130 A4-B0-C0-D1-Ef
0131 A0-B0-C0-D0-E0
0132 A0-B0-C0-D0-E0
0133 A0-B0-C0-D0-E0
0134 A0-B0-C0-D0-E0
0135 A0-B0-C0-D0-E0
0136 A0-B0-C0-D0-E0
0137 A0-B0-C0-D0-E0
0138 A0-B0-C0-D0-E0
0139 A0-B0-C0-D0-E0
0140 A0-B0-C0-D0-E0
0141 A0-B0-C0-D0-E0
0142 A0-B0-C0-D0-E0
0143 A0-B0-C0-D0-E0
0144 A0-B0-C0-D0-E0
0145 A0-B0-C0-D0-E0
0146 A0-B0-C0-D0-E0
0147 A0-B0-C0-D0-E0
0148 A0-B0-C0-D0-E0
0149 A0-B0-C0-D0-E0
0150 A0-B0-C0-D0-E0
0151 A0-B0-C0-D0-E0
0152 A0-B0-C0-D0-E0
0153 A0-B0-C0-D0-E0
0154 A0-B0-C0-D0-E0
0155 A0-B0-C0-D0-E0
0156 A0-B0-C0-D0-E0
0157 A0-B0-C0-D0-E0
0158 A0-B0-C0-D0-E0
0159 A0-B0-C0-D0-E0
0160 A0-B0-C0-D0-E0
0161 A0-B0-C0-D0-E0
0162 A0-B0-C0-D0-E0
0163 A0-B0-C0-D0-E0
0164 A0-B0-C0-D0-E0
0165 A0-B0-C0-D0-E0
0166 A0-B0-C0-D0-E0
0167 A0-B0-C0-D0-E0
0168 A0-B0-C0-D0-E0
0169 A0-B0-C0-D0-E0
0170 A0-B0-C0-D0-E0
0171 A0-B0-C0-D0-E0
0172 A0-B0-C0-D0-E0
0173 A0-B0-C0-D0-E0
0174 A0-B0-C0-D0-E0
0175 A0-B0-C0-D0-E0
0176 A0-B0-C0-D0-E0
0177 A0-B0-C0-D0-E0
0178 A0-B0-C0-D0-E0
0179 A0-B0-C0-D0-E0
0180 A0-B0-C0-D0-E0
0181 A0-B0-C0-D0-E0
0182 A0-B0-C0-D0-E0
0183 A0-B0-C0-D0-E0
0184 A0-B0-C0-D0-E0
0185 A0-B0-C0-D0-E0
0186 A0-B0-C0-D0-E0
0187 A0-B0-C0-D0-E0
0188 A0-B0-C0-D0-E0
0189 A0-B0-C0-D0-E0
0190 A0-B0-C0-D0-E0
0191 A0-B0-C0-D0-E0
0192 A0-B0-C0-D0-E0
0193 A0-B0-C0-D0-E0
0194 A0-B0-C0-D0-E0
0195 A0-B0-C0-D0-E0
0196 A0-B0-C0-D0-E0
0197 A0-B0-C0-D0-E0
0198 A0-B0-C0-D0-E0
0199 A0-B0-C0-D0-E0
0200 A0-B0-C0-D0-E0
0201 A0-B0-C0-D0-E0
0202 A0-B0-C0-D0-E0
0203 A0-B0-C0-D0-E0
0204 A0-B0-C0-D0-E0
0205 A0-B0-C0-D0-E0
0206 A0-B0-C0-D0-E0
0207 A0-B0-C0-D0-E0
0208 A0-B0-C0-D0-E0
0209 A0-B0-C0-D0-E0
0210 A0-B0-C0-D0-E0
0211 A0-B0-C0-D0-E0
0212 A0-B0-C0-D0-E0
0213 A0-B0-C0-D0-E0
0214 A0-B0-C0-D0-E0
0215 A0-B0-C0-D0-E0
0216 A0-B0-C0-D0-E0
0217 A0-B0-C0-D0-E0
0218 A0-B0-C0-D0-E0
0219 A0-B0-C0-D0-E0
0220 A0-B0-C0-D0-E0
0221 A0-B0-C0-D0-E0
0222 A0-B0-C0-D0-E0
0223 A0-B0-C0-D0-E0
0224 A0-B0-C0-D0-E0
0225 A0-B0-C0-D0-E0
0226 A0-B0-C0-D0-E0
0227 A0-B0-C0-D0-E0
0228 A0-B0-C0-D0-E0
0229 A0-B0-C0-D0-E0
0230 A0-B0-C0-D0-E0
0231 A0-B0-C0-D0-E0
0232 A0-B0-C0-D0-E0
0233 A0-B0-C0-D0-E0
0234 A0-B0-C0-D0-E0
0235 A0-B0-C0-D0-E0
0236 A0-B0-C0-D0-E0
0237 A0-B0-C0-D0-E0
0238 A0-B0-C0-D0-E0
0239 A0-B0-C0-D0-E0
0240 A0-B0-C0-D0-E0
0241 A0-B0-C0-D0-E0
0242 A0-B0-C0-D0-E0
0243 A0-B0-C0-D0-E0
0244 A0-B0-C0-D0-E0
0245 A0-B0-C0-D0-E0
0246 A0-B0-C0-D0-E0
0247 A0-B0-C0-D0-E0
