[H[2J[3Jgcc -ansi -Wall -pedantic -g preProcessor.c  globalState.c encode.c variables.c errors.c utils.c helpers.c parse.c operations.c tables.c  memory.c secondRun.c firstRun.c compiler.c -o compiler -lm

	 ~ MACRO TABLE ~ 
	name	start	end




First Run:

		 ~ SYMBOL TABLE ~ 
name	value	base	offset	attributes
K	149	144	5	data,entry
W	0	0	0	external
STR	141	128	13	data
LIST	146	144	2	data,entry
END	140	128	12	code
val1	0	0	0	external
MAIN	100	96	4	code,entry
LOOP	104	96	8	code




Second Run:

EXTERNAL VARIABLE
NAME:W
BASE:115
OFFSET:116


EXTERNAL VARIABLE
NAME:val1
BASE:125
OFFSET:126

Finished Successfully, about to export files!
0100  0100 0000 0000 0000 0100
0101  0100 1010 0011 1100 0001
0102  0010 0000 0000 1001 0000
0103  0010 0000 0000 0000 0010
0104  0100 0010 0000 0000 0000
0105  0100 0000 0000 0000 0000
0106  0100 0000 0000 0011 0000
0107  0100 0000 0000 0001 0000
0108  0100 0000 0000 0101 1011
0109  0010 0000 0000 1000 0000
0110  0010 0000 0000 0000 1101
0111  0100 0000 0000 0010 0000
0112  0100 1100 0000 0001 1011
0113  0100 0000 0000 0000 0001
0114  0100 0000 0011 1100 0001
0115  0001 0000 0000 0000 0000
0116  0001 0000 0000 0000 0000
0117  0100 0000 0000 0000 0100
0118  0100 1011 0011 1101 1011
0119  0100 0000 0010 0000 0000
0120  0100 1011 0000 0000 0001
0121  0010 0000 0000 1000 0000
0122  0010 0000 0000 0000 1100
0123  0100 0000 0000 0000 0010
0124  0100 0000 0000 0100 0000
0125  0001 0000 0000 0000 0000
0126  0001 0000 0000 0000 0000
0127  0100 1111 1111 1111 1010
0128  0100 0000 0010 0000 0000
0129  0100 1011 0000 0011 1110
0130  0010 0000 0000 1000 0000
0131  0010 0000 0000 0000 1100
0132  0100 0000 0000 0010 0000
0133  0100 1101 0000 0000 0001
0134  0010 0000 0000 1001 0000
0135  0010 0000 0000 0000 0101
0136  0100 0000 0000 0000 0100
0137  0100 1011 1010 1011 1011
0138  0010 0000 0000 0110 0000
0139  0010 0000 0000 0000 1000
0140  0100 1000 0000 0000 0000
0141  0100 0000 0000 0110 0001
0142  0100 0000 0000 0110 0010
0143  0100 0000 0000 0110 0011
0144  0100 0000 0000 0110 0100
0145  0100 0000 0000 0000 0000
0146  0100 0000 0000 0000 0110
0147  0100 1111 1111 1111 0111
0148  0100 1111 1111 1001 1100
0149  0100 0000 0000 0001 1111

41 9
0100 A4-B0-C0-D0-E4
0101 A4-Ba-C3-Dc-E1
0102 A2-B0-C0-D9-E0
0103 A2-B0-C0-D0-E2
0104 A4-B2-C0-D0-E0
0105 A4-B0-C0-D0-E0
0106 A4-B0-C0-D3-E0
0107 A4-B0-C0-D1-E0
0108 A4-B0-C0-D5-Eb
0109 A2-B0-C0-D8-E0
0110 A2-B0-C0-D0-Ed
0111 A4-B0-C0-D2-E0
0112 A4-Bc-C0-D1-Eb
0113 A4-B0-C0-D0-E1
0114 A4-B0-C3-Dc-E1
0115 A1-B0-C0-D0-E0
0116 A1-B0-C0-D0-E0
0117 A4-B0-C0-D0-E4
0118 A4-Bb-C3-Dd-Eb
0119 A4-B0-C2-D0-E0
0120 A4-Bb-C0-D0-E1
0121 A2-B0-C0-D8-E0
0122 A2-B0-C0-D0-Ec
0123 A4-B0-C0-D0-E2
0124 A4-B0-C0-D4-E0
0125 A1-B0-C0-D0-E0
0126 A1-B0-C0-D0-E0
0127 A4-Bf-Cf-Df-Ea
0128 A4-B0-C2-D0-E0
0129 A4-Bb-C0-D3-Ee
0130 A2-B0-C0-D8-E0
0131 A2-B0-C0-D0-Ec
0132 A4-B0-C0-D2-E0
0133 A4-Bd-C0-D0-E1
0134 A2-B0-C0-D9-E0
0135 A2-B0-C0-D0-E5
0136 A4-B0-C0-D0-E4
0137 A4-Bb-Ca-Db-Eb
0138 A2-B0-C0-D6-E0
0139 A2-B0-C0-D0-E8
0140 A4-B8-C0-D0-E0
0141 A4-B0-C0-D6-E1
0142 A4-B0-C0-D6-E2
0143 A4-B0-C0-D6-E3
0144 A4-B0-C0-D6-E4
0145 A4-B0-C0-D0-E0
0146 A4-B0-C0-D0-E6
0147 A4-Bf-Cf-Df-E7
0148 A4-Bf-Cf-D9-Ec
0149 A4-B0-C0-D1-Ef
